276716
276616
276612
276616
276620
276612
276608
276616
276608
276604
276600
275676
276712
276720
276712
276812
276808
276704
275684
276716
276764
276756
276696
276704
276712
276716
276712
276716
276708
276792
276704
276704
276704
276700
276656
276664
276604
276568
276572
276564
276624
276620
276616
276716
276616
276620
276612
276752
276760
276748
276668
276664
276676
276660
276652
276668
276660
276652
276656
276656
276648
275632
276660
276644
276660
276724
276716
276700
276700
276708
276708
276636
276616
276616
276616
276612
276612
276620
277640
276604
276608
276616
276604
276664
276660
276652
276656
276612
276604
276796
276796
276700
276704
276708
276716
276704
276608
276664
276896
276616
276604
276808
275780
276808
275784
276812
275776
276800
275780
276804
275784
276812
275768
276796
275788
276796
276752
276764
276708
276752
276752
276756
276744
275784
276800
275720
276756
276800
276808
276804
276804
276804
276804
276808
276768
276760
276816
276804
276808
276804
276808
276804
276808
276800
276796
276808
276808
276896
276896
275880
276896
276892
276744
276892
276744
276756
276748
275792
276800
275728
276804
275784
276800
275780
276668
276576
276660
276668
276612
276608
276608
276608
276624
276612
276608
276620
276704
276700
277632
276608
276652
276616
276616
276616
276608
276608
276608
276664
276644
276652
276668
276656
276656
276660
276712
276712
276712
276704
276708
276764
276708
276716
276704
275684
276716
276760
276608
276752
275736
276756
276756
276760
276856
276852
275832
276844
275828
276844
276844
276856
276568
276556
276552
275824
276568
276568
276608
276608
276620
276624
276700
276700
275676
276608
276608
276608
276612
276604
275732
276756
276656
276660
276652
276672
276660
276656
276704
276660
276660
276656
276676
276676
276664
276664
276664
276656
276656
276660
276664
276660
276664
276664
276660
276660
276676
276684
276764
276756
276756
276612
276620
276620
276620
276624
276620
276624
276616
276752
276764
275728
276756
276752
276652
276656
276664
276676
276668
276672
276660
276664
276660
276656
276656
276660
276652
276660
276660
276652
276660
276672
276672
276668
276664
276664
276660
276656
276672
276660
276660
276672
276608
276664
276664
276664
276656
276608
276672
276616
276608
276616
276700
276604
276612
276608
276608
276560
276608
276620
276572
276616
276624
276720
276660
276660
276600
276652
276672
276616
276604
276568
276624
276620
276624
276656
276664
276668
276800
276648
275692
276716
276712
276708
276696
276712
276716
276612
276616
276612
276668
276808
276804
276760
276704
275788
276816
275784
276808
275784
276716
276712
276812
276764
276852
276764
276764
276860
276760
276764
276800
276804
276756
276756
276752
276756
275736
276760
276764
276860
276760
276756
276768
276764
276652
276660
276680
276616
276616
276624
276712
276704
276708
275676
276756
276720
276704
276704
275676
276712
276676
276804
276644
275688
276668
276756
276652
276660
276612
276604
276648
276664
276604
276612
276620
276624
276616
276620
276620
276620
276612
276656
276672
276672
276660
276660
276660
276700
276644
276664
276660
276652
275620
276664
276656
276664
276668
276704
276660
276800
276704
276708
276708
276704
276644
276668
276712
276724
276716
276708
275676
276712
276712
276716
276712
276716
276704
276628
276616
276620
276608
276664
276708
276708
276604
276616
276660
276608
276604
276752
276704
276612
276616
277000
276328
276332
277356
277364
277364
277364
277352
277368
276532
276416
276624
276624
276604
276620
276624
276524
276564
276568
276568
276472
276460
276484
276484
276484
276808
276480
276488
275788
276804
275780
276476
276804
276804
276804
276808
276808
276796
276804
276800
276808
276712
276748
275728
276764
276712
276812
276812
276816
276724
276708
276704
276768
276804
275792
276808
275736
276756
276760
276752
276764
276760
276752
276760
276772
276796
276752
275732
276856
275824
276836
276852
276860
276848
276852
276904
275872
276900
275876
276904
276756
276700
276708
276716
276708
276708
276708
276708
276716
276704
276700
276704
276704
276804
275784
276812
275772
276808
275768
276668
276676
276664
276644
276800
276668
276660
276612
276624
276752
276752
276760
276716
276704
276764
276764
276756
276744
276648
276656
276708
276708
276712
276708
275680
276712
276716
276712
276704
275688
276716
276724
276652
276660
276708
276664
276692
276708
276708
276628
276616
276608
276720
276700
276704
276712
276704
276708
276608
276740
275728
276712
276708
276708
276692
277640
276716
276664
276664
276664
276660
276756
276712
276700
276748
276724
276808
276808
276812
276804
276816
276764
276760
276756
276764
276744
276712
276716
276704
276700
276700
276708
276708
276712
276700
276708
276712
276708
276704
276704
276696
276712
276712
276720
276716
276712
276708
276708
276704
276708
276716
276712
276696
276704
276716
276708
276760
276756
276720
276712
276712
276712
276704
276720
276700
276708
276716
276700
276716
276700
276708
276756
276800
276808
276808
276760
276760
276700
276708
275684
276716
276716
276704
276704
275736
276748
275772
276812
275780
276796
276796
276796
276804
276904
275864
276804
276804
276800
275672
276800
276712
276708
276704
276720
276712
275732
276708
276752
276748
276748
276748
276744
275784
276804
275788
276804
275780
276900
276892
276888
276812
276796
276808
276804
276804
276812
276696
276792
276804
276800
276808
276800
276804
276796
276812
276800
276712
276804
275672
276800
276712
276716
276804
276704
276700
275684
276724
276712
276800
276800
276804
276804
276804
276760
276748
276724
275820
276796
276888
276756
276892
276704
276704
276700
276764
276704
276764
276708
276704
276708
276812
276708
276696
276704
276708
276704
276704
276804
276804
276812
276800
276800
276716
276708
276704
275720
276756
276764
276700
276700
276796
276812
276708
276716
276716
276724
276600
276812
276612
276712
276700
276692
276720
276704
276620
276708
276608
276620
276664
276648
276616
276712
276752
276652
276660
276748
276752
276652
276664
276764
276764
276700
276700
276708
276664
276668
276664
276704
275884
276688
275772
276800
275784
276896
275780
276704
275776
276716
276764
276708
276852
276712
276708
275796
276760
275728
276804
275772
276760
276708
276804
276764
276712
276704
275680
276664
276676
276748
276668
276660
276900
275876
276900
276892
276892
276896
276820
276804
276812
276812
276800
276816
276808
276808
276808
276604
276616
275868
276884
276912
276604
277644
276708
276660
276844
276852
276768
276652
276652
276800
276808
276652
276652
275736
276808
276616
276700
276800
276804
276752
276716
276744
276704
276752
276760
276704
276744
276660
276676
276668
276660
276656
276656
276700
276700
276656
276664
276712
276708
276668
276712
276752
276760
276744
276704
276712
276664
276668
276748
276796
276796
276660
275676
276804
276760
276756
276716
276656
276644
275776
276892
275792
276708
275768
276892
275772
276708
276772
276764
276716
276708
276756
276776
276764
276660
276660
276704
276652
276712
276716
276656
276664
276608
276648
276708
276612
276600
276608
276620
276628
276612
276620
