271212
271160
271216
271216
271212
271220
271168
271168
271172
271168
271160
271164
271168
271164
271316
271168
271168
271168
271172
271216
271216
271216
271220
271220
271220
271212
271212
271216
271168
271212
271212
271212
271216
271220
271220
272244
272244
271208
271216
271216
271260
271256
271256
271260
271264
271256
271264
271164
271212
271220
271212
271220
271216
271216
271216
272244
272244
271220
271220
271208
271216
271216
271216
271208
271212
271160
271164
271168
271264
271268
271268
271264
271208
271220
271216
271220
271216
271316
271308
271304
271308
271304
271316
271320
271320
271320
271308
271308
271308
271308
271304
271316
271316
271312
271312
271216
271216
271216
271220
271220
271208
271224
271216
271220
271208
271224
271304
271316
271312
271312
271308
271312
271316
271304
271312
271316
271308
271304
271312
271308
271308
271308
271312
271312
271312
271172
271168
271308
271160
271312
271172
271308
271308
271164
271164
271164
271180
271168
271176
271268
271164
271168
271164
271168
271264
271164
271164
271264
271172
271268
271272
271268
271168
271308
271208
271256
271216
271216
271216
271216
271120
271120
271116
271208
271112
271120
271164
271068
271116
272148
272048
271176
271072
271456
271460
271360
271416
271412
271312
271312
271316
271312
271312
271308
271312
271316
271312
271304
271404
271408
271312
271312
271312
271504
271496
271412
271408
271408
271404
271316
271320
271316
271312
271412
271308
271360
271364
270332
271360
271308
271316
271312
271308
271316
270284
271304
271308
271308
271312
271304
271216
271324
271324
271312
271216
271220
271216
271216
271220
271224
271360
271352
271360
271356
271360
271212
271216
271212
271532
270512
271540
271540
270520
271528
271544
270512
271532
271452
270416
271444
271436
271452
270420
271448
271536
270508
271536
271536
270512
271536
271496
270464
271484
271488
271448
271496
271436
271456
270420
271444
271440
271444
270420
271444
271444
271448
270460
271484
271440
270416
271444
271440
271448
270464
271492
271484
271448
271444
271436
271444
270420
271440
271444
271452
270420
271444
271436
271456
270416
271444
271444
271448
271444
271444
271440
271456
271448
271436
271448
270424
271440
271444
271452
270420
271444
271440
271448
270424
271444
271392
271444
270416
271436
271444
271448
270416
271440
271444
271404
270416
271440
271444
271496
271392
271488
271448
270424
271388
271392
271492
270464
271496
271488
271500
271488
271496
271492
271492
271444
271396
271448
271392
271396
271396
271400
270368
271396
271392
271388
271400
271396
271496
271492
270464
271484
271492
271400
270376
271492
271216
271208
271216
271168
271220
271264
271264
271272
271220
271320
271316
271304
271316
271264
271220
271264
271316
271312
271272
271312
271312
271360
271356
271360
271316
270328
271356
271360
271404
271304
271312
271312
271304
271304
271304
271304
271308
271312
271320
271308
271304
271312
271304
271316
271312
271312
271312
271312
271312
271308
271304
271316
271304
271312
270284
272100
272152
271124
271268
272200
272104
271172
271168
271172
271172
271180
271068
271512
271500
271404
271404
271412
271408
271404
271408
271408
271404
271400
271404
271412
270384
271404
271404
271404
271412
271404
271408
271404
271424
270380
271400
271408
271404
271412
271408
271400
271404
271416
270380
271312
271312
271312
271308
271312
271408
271408
271404
271400
271312
271320
271304
271304
271500
271504
270476
271504
271504
270476
271404
271408
271412
271412
271408
271408
271412
271412
271412
271404
271400
271408
271320
271356
271312
271312
271308
271312
271460
271456
271448
271464
271460
271452
271312
271452
271456
271452
271452
271456
270432
271452
271456
271456
270428
271460
271452
271304
270428
271452
271312
271320
271320
271316
271316
271304
271304
271308
271316
271316
271320
271316
271316
271312
271352
271316
271316
271312
271316
271312
271312
271360
271316
271308
271308
271312
270284
271304
271308
271364
271312
271316
271412
271408
271404
271400
271408
270380
271404
271404
271404
271416
271396
271400
271408
271408
270380
271408
271408
271404
271416
271400
271404
271408
271412
271404
271400
271408
271408
270380
271412
271404
271404
271408
271404
271360
271404
271404
271412
271352
271356
271408
271364
271368
271316
271356
271312
271360
271352
271360
271352
271360
271360
271308
271408
270380
271360
271404
271360
271412
270332
271304
271312
271312
271368
271308
271368
271316
271312
271308
271364
271364
271360
270332
271308
271356
271360
271316
271316
271316
271312
271316
271312
271316
271312
271360
271360
271408
271408
271404
271412
270388
271408
271312
271316
271376
271408
272104
272100
271068
271068
271064
271076
271072
271072
271404
271404
271368
271364
271308
271308
271304
271304
271412
271364
271404
271408
271404
271504
271408
271412
271408
271408
270476
271412
271500
270472
271504
271408
271500
270476
271356
271352
271352
271456
271452
271448
271464
270428
272100
272104
271172
271068
271068
271456
271456
271448
271352
271364
270340
271360
271360
271500
271504
271504
271504
271364
271360
271356
271452
271452
271460
271452
271448
271072
271080
271072
271120
271068
272144
272148
272148
272148
271124
271068
271068
271076
271068
271072
271360
271072
271076
271064
271072
272104
272104
271072
271068
271072
271068
271072
271072
271072
271076
272100
272104
271072
271072
271076
271068
271068
271068
271072
271068
271404
271404
271404
271408
271404
271400
271412
271416
270380
271404
271408
271408
271412
271408
271500
271500
270476
271496
271500
270476
271452
271452
271456
271456
271452
271456
271464
271456
271456
271456
270424
271456
271452
271460
271452
271456
271460
271460
271448
271456
271604
271452
271452
271512
270472
271508
271600
270476
271452
271448
270576
271504
271452
271464
271452
271456
271596
271452
271460
271448
270568
271448
271600
270428
271592
271604
271504
271496
271516
271504
271596
271464
271592
271596
270436
271600
271456
270568
271596
271508
270472
271500
271500
270424
271496
271504
270472
271500
271496
271504
271496
271504
271508
271500
271500
271512
270472
271496
271504
270568
271452
271608
271596
271592
270480
271496
271504
270476
271492
271504
271508
271500
271500
271512
271600
271596
270572
271600
271076
271076
271072
271072
271068
272100
272104
271172
271168
271180
271168
271068
271068
271068
271072
271072
271072
271072
271076
272100
272100
271068
271068
271068
271068
271076
271076
271072
271072
272100
271596
271596
270476
271500
271504
270472
271504
271500
271504
271500
271504
271508
271500
271504
271504
270476
271496
271596
271592
271596
270568
271596
271600
271500
271504
271508
271504
271504
271504
271508
271504
271508
270472
271504
271500
270476
271504
271504
270480
271596
271596
271596
271600
271068
271068
270980
271072
271068
271076
272100
271588
271592
270572
272000
271596
271596
271076
271504
272104
271504
271500
271404
270476
271500
271500
270480
271496
271504
271072
270976
270980
272008
272100
272104
270972
270972
270972
270976
271600
271604
270568
271072
271072
271500
271408
271416
270480
271504
271356
271504
271404
271496
271360
