271224
84
80
84
84
84
84
80
88
84
80
84
80
80
80
80
80
80
80
80
88
84
84
80
80
80
80
80
80
80
80
88
80
80
80
80
80
80
80
80
80
80
84
80
80
80
80
80
80
80
80
80
88
80
80
80
80
84
84
84
84
84
84
88
80
80
80
80
80
80
80
80
80
80
84
84
84
84
84
84
84
84
84
84
88
80
80
80
80
80
80
80
80
80
80
88
84
84
80
80
80
80
80
80
80
80
84
80
80
80
80
80
80
80
80
80
88
80
80
80
80
80
80
80
80
80
80
88
80
80
80
80
84
84
84
84
84
84
84
80
80
80
80
80
80
80
80
80
88
84
84
84
84
84
84
84
84
84
84
88
80
80
80
80
80
80
80
80
80
80
84
84
84
80
80
80
80
80
80
80
88
80
80
80
80
80
80
80
80
80
80
88
80
80
80
80
80
80
80
80
80
80
84
80
80
80
80
84
84
84
84
84
88
80
80
80
80
80
80
80
80
80
80
88
84
84
84
84
84
84
84
84
84
84
84
80
80
80
80
80
80
80
80
80
88
84
84
84
80
80
80
80
80
80
80
88
80
80
80
80
80
80
80
80
80
80
84
80
80
80
80
80
80
80
80
80
88
80
80
80
80
80
84
84
84
84
84
88
271216
88
84
80
84
84
84
84
80
80
84
80
84
84
84
84
84
84
84
84
84
84
88
84
84
84
84
84
84
84
84
84
88
84
84
84
84
84
84
84
84
84
84
88
84
84
84
84
84
84
84
84
84
84
88
84
84
84
84
84
84
84
84
84
88
84
84
84
84
84
84
84
84
84
84
88
84
84
84
84
84
84
84
84
84
84
88
84
84
84
84
84
84
84
84
84
88
84
84
84
84
84
84
84
84
84
84
88
84
84
84
84
84
84
84
84
84
84
88
84
84
84
84
84
84
84
84
84
88
84
84
84
84
84
84
84
84
84
84
88
84
84
84
84
84
84
84
84
84
84
88
84
84
84
84
84
84
84
84
84
88
84
84
84
84
84
84
84
84
84
84
88
84
84
84
84
84
84
84
84
84
84
88
84
84
84
84
84
84
84
84
84
88
84
84
84
84
84
84
84
84
84
84
88
84
84
84
84
84
84
84
84
84
84
88
84
84
84
84
84
84
84
84
84
88
84
84
84
84
84
84
84
84
84
84
88
84
84
84
84
84
84
84
84
84
84
88
84
84
84
84
84
84
84
84
84
88
84
84
84
84
84
84
84
84
84
84
88
84
84
84
84
84
84
84
84
84
84
88
84
84
84
84
84
84
84
84
84
271220
84
88
80
84
80
84
80
84
84
88
84
88
80
80
80
80
80
80
80
80
80
80
88
80
80
80
80
80
80
80
80
80
80
84
80
80
80
80
80
80
80
80
80
88
80
80
80
80
80
80
80
80
80
80
88
80
80
80
80
80
80
80
80
80
80
88
80
80
80
80
80
80
80
80
80
88
80
80
80
80
80
80
80
80
80
80
88
80
80
80
80
80
80
80
80
80
80
84
80
80
80
80
80
80
80
80
80
88
80
80
80
80
80
80
80
80
80
80
88
80
80
80
80
80
80
80
80
80
80
88
80
80
80
80
80
80
80
80
80
88
80
80
80
80
80
80
80
80
80
80
88
80
80
80
80
80
80
80
80
80
80
88
80
80
80
80
80
80
80
80
80
88
80
80
80
80
80
80
80
80
80
80
88
80
80
80
80
80
80
80
80
80
80
88
80
80
80
80
80
80
80
80
80
88
80
80
80
80
80
80
80
80
80
80
88
80
80
80
80
80
80
80
80
80
80
88
80
80
80
80
80
80
80
80
80
88
80
80
80
80
80
80
80
80
80
80
88
80
80
80
80
80
80
80
80
80
80
88
80
80
80
80
80
80
80
80
80
88
80
80
80
80
80
80
80
80
80
80
88
80
80
80
80
80
80
80
80
271220
80
84
88
80
84
84
84
84
80
84
84
84
84
80
84
84
84
84
84
84
84
84
84
88
84
84
84
84
84
84
84
84
84
84
88
84
84
84
84
84
84
84
84
84
84
80
84
84
84
84
84
84
84
84
84
88
84
84
84
84
84
84
84
84
84
84
88
84
84
84
84
84
84
84
84
84
84
80
84
84
84
84
84
84
84
84
84
88
84
84
84
84
84
84
84
84
84
84
88
84
84
84
84
84
84
84
84
84
84
80
84
84
84
84
84
84
84
84
84
88
84
84
84
84
84
84
84
84
84
84
88
84
84
84
84
84
84
271356
271356
271260
271260
271364
271260
271352
271352
271352
271356
271360
271264
270328
271356
271360
271348
271256
271356
270336
271256
271348
271356
271356
271256
271356
270328
271252
271356
271260
271356
271352
271268
271364
271256
271356
271352
271260
271352
271364
270328
271348
271256
271352
271260
271300
271308
271308
271304
271360
271356
271356
271356
271360
271356
271356
271360
271356
271360
271364
271356
271356
271348
271264
271256
271356
270332
271356
271356
271260
271260
271348
271364
272292
271352
271348
271356
271356
271360
270328
271352
271352
271356
271348
271360
271368
271356
271356
271352
271356
271364
271348
271356
271352
271360
271356
271356
271352
271360
271352
271348
271360
270332
271356
271356
271356
271308
271312
271308
271304
271300
271300
271308
271300
271308
271308
270372
271400
271404
271396
271408
271356
271400
271300
271400
271408
271408
271400
271400
271404
271404
271404
271404
271400
271404
271412
271396
271400
271408
270384
271404
271400
271352
271408
270372
271404
271404
271396
271404
271404
271400
271400
271408
270376
271400
271396
271408
271408
271404
271400
271396
271412
270376
271304
271308
271300
271308
271300
271308
270384
271400
271304
271308
271304
271408
270332
271356
271352
271348
271360
271360
270328
271404
271300
271356
271408
271360
271352
271356
271404
271400
271356
271356
271308
271352
271352
271408
270376
271404
271348
271348
271304
271312
271312
271308
271308
271300
271312
271312
271308
271308
271308
271304
271308
271308
271304
271304
271308
271312
271308
271304
271300
271300
271308
271300
271304
271316
271308
271304
271308
271304
271308
271304
271312
271312
271304
271300
271308
271308
271312
271312
271312
270384
271404
271404
271352
271312
270372
271396
271404
271404
271308
271316
271404
271400
271404
271404
270376
271404
271404
271396
271408
271396
271404
271404
271408
270376
271404
271400
271404
271408
271404
271404
271404
271408
270376
271396
271404
271396
271404
271408
271404
271404
271408
270376
271404
271308
271308
271312
271312
271316
271312
271308
271304
271308
271312
271304
271312
271312
271304
271300
271308
271308
271304
271304
271308
271312
271304
271300
271308
271304
271304
271312
271308
271316
271312
271312
271308
271308
271304
271308
271308
271308
271308
271308
271304
271308
271304
271312
271308
271304
271348
271300
271308
271308
271304
271308
270280
271304
271304
271304
271308
271408
271312
271312
271300
271300
271404
271404
271404
271404
271304
271300
271312
271312
271408
270376
271404
271408
271400
271408
271400
271404
271412
271408
271412
271404
271404
271408
270376
271404
271400
271400
271404
271408
271400
271400
271404
271404
271404
271404
271400
271408
270376
271308
271304
271308
271308
271408
270380
271312
271312
271300
271304
271400
270372
271404
271396
271264
271408
271412
271404
271404
271408
271408
271264
271408
271404
271404
271404
271264
271252
271264
271308
271304
271404
271264
271404
270372
271260
271396
271256
271252
271400
271264
270384
271404
271396
271408
271264
270384
271252
271300
271400
271304
271304
271308
270384
271308
271404
271316
271408
270376
271308
271404
271396
271408
271308
271404
271404
271312
271396
271408
271404
271256
271396
271404
271408
271308
271312
271312
271300
271312
271304
271408
271308
271304
271300
271404
271404
271408
271404
271404
271404
271404
270376
271404
271396
271400
271408
271396
271404
271400
271408
270376
271400
271400
271404
271408
271404
271396
271312
271312
271304
271360
271352
271348
271352
271352
271364
271360
271352
271348
271356
271464
271364
271308
271308
271308
271300
271308
271308
271312
271260
271448
271304
271260
271264
271348
271360
270328
271352
271356
271352
271352
271356
271348
271264
271308
271256
271264
271260
271360
271356
271356
271348
271348
271352
271400
270376
271400
271308
271308
271356
271360
270324
271352
271304
271304
271268
271360
271360
271364
271360
271348
271256
271264
271212
271256
271204
271208
271216
271212
270468
271212
271212
271496
271208
271208
271504
271496
271500
271504
270468
271500
271500
270472
271500
271260
271256
271264
271408
271400
271408
271404
271348
271356
271356
271348
271352
271360
271360
271360
271260
271300
271308
271308
271312
271408
270372
271400
271404
271400
271264
271264
271260
271256
271256
271264
271352
271404
271400
271312
271304
271300
271300
271264
271260
271260
271256
271360
271360
271356
271356
271352
271356
271260
271368
271356
271356
271348
271356
271260
271360
271356
271352
271352
271348
271356
271356
271352
271348
271356
271352
271364
271360
271352
271356
271356
271264
271256
271308
271308
271308
271300
271304
271308
271308
271312
271404
271404
271404
271404
271404
270376
271404
271404
271404
271264
271264
271264
271260
271260
271264
271260
271252
271264
271356
271356
271264
271260
271260
271404
271400
271400
271408
271404
271256
271308
271264
271312
271264
271320
271312
271300
271300
271308
271356
271312
271304
271360
271348
271404
271300
271400
271312
271312
271312
271300
271304
271356
271312
271308
271308
270280
271312
271308
271304
271308
271304
271316
271316
271308
271308
271308
271304
271312
271300
271308
271260
272292
271260
271356
271360
271352
271360
271356
271400
271404
271396
271500
271356
271492
271400
271408
270384
271396
271356
271404
271312
271308
271300
271300
271300
271312
271312
271300
271312
271320
271308
271308
271300
271308
271308
271304
271312
271312
271304
271396
271404
271400
271312
271404
271400
271404
271304
271308
271312
271304
271308
271300
271304
271304
271356
271360
271352
271356
271500
271360
271360
271360
271352
271360
271308
271300
271404
271304
271308
271300
271308
271312
271408
270376
271404
271400
271404
271412
271400
271308
271308
271304
271304
271308
271304
271308
271308
271308
271404
271264
271404
271268
271404
271396
271404
271308
271408
271312
271300
271312
271308
271360
271304
271312
271356
271352
271352
271348
271356
271356
271348
271356
271356
271360
271360
271360
271356
271352
271356
271264
271252
271264
271264
271264
271252
271256
271256
271256
271260
271260
271260
271260
271264
271256
271264
270428
271252
271260
271260
271452
271256
271460
271260
271252
271260
271260
271260
271252
271260
271264
271256
271256
271272
271264
271252
271264
271260
271304
271260
271252
271260
271260
271256
271264
271264
271264
271260
271260
271264
271304
271252
271256
271264
271260
271260
271260
271264
272284
271260
271260
271352
271356
271348
271364
270332
271352
271348
271356
271356
271360
271360
271348
271352
271348
271360
271360
271260
271256
271256
271260
271448
271252
271456
271264
271260
271260
271260
271252
271260
271260
271264
271256
271260
271264
271264
271268
271264
271264
271256
271252
271256
271264
271268
271260
271256
271356
270332
271348
271352
271352
271352
271356
272296
271352
271356
271360
271352
271260
271260
271264
271252
271260
271260
271356
271264
271360
271256
271252
271264
270328
271360
271352
271356
271352
271360
271348
271356
271348
271360
271360
271360
271352
271360
271356
271356
271360
270328
271352
271352
271356
271352
271360
271360
271356
